100
1 6 5
2 7 15
3 7 11
4 6 6
5 5 10
6 5 5
7 1 11
8 2 11
9 10 9
10 3 17
11 7 16
12 2 5
13 3 20
14 5 18
15 2 14
16 7 7
17 1 11
18 7 17
19 8 10
20 5 11
21 9 9
22 3 5
23 1 20
24 5 17
25 9 14
26 10 7
27 7 12
28 1 7
29 10 8
30 8 5
31 3 15
32 4 8
33 9 16
34 5 8
35 2 9
36 6 18
37 9 15
38 9 6
39 8 18
40 8 14
41 9 14
42 7 14
43 4 7
44 3 4
45 8 12
46 9 10
47 9 7
48 6 18
49 9 9
50 2 13
51 3 4
52 9 16
53 9 3
54 6 8
55 1 17
56 10 18
57 6 6
58 6 15
59 3 19
60 8 2
61 6 17
62 8 13
63 5 14
64 1 5
65 1 20
66 4 11
67 6 6
68 1 7
69 1 13
70 5 11
71 8 16
72 6 9
73 1 13
74 3 18
75 5 1
76 7 8
77 6 2
78 10 3
79 7 11
80 3 9
81 4 9
82 1 12
83 5 5
84 8 13
85 7 14
86 9 18
87 5 5
88 10 3
89 8 4
90 4 10
91 9 9
92 4 15
93 10 16
94 6 16
95 6 20
96 5 19
97 6 10
98 6 5
99 9 7
100 4 17
