1000
1 21 76
2 3 76
3 32 45
4 23 93
5 11 78
6 43 3
7 36 71
8 30 33
9 41 61
10 39 2
11 35 47
12 15 8
13 25 41
14 9 87
15 19 85
16 12 51
17 29 52
18 42 48
19 2 60
20 49 72
21 11 60
22 18 95
23 14 42
24 29 2
25 14 98
26 7 24
27 31 87
28 26 91
29 30 67
30 41 48
31 42 22
32 22 83
33 27 80
34 17 89
35 34 81
36 19 15
37 9 23
38 15 33
39 9 8
40 20 88
41 6 37
42 9 30
43 46 6
44 23 48
45 14 59
46 22 76
47 8 17
48 2 9
49 27 27
50 21 37
51 32 84
52 38 43
53 31 2
54 32 41
55 32 28
56 20 72
57 43 77
58 18 19
59 36 42
60 30 51
61 10 14
62 49 78
63 10 48
64 26 51
65 7 1
66 12 25
67 48 53
68 20 66
69 3 89
70 8 69
71 43 95
72 9 97
73 15 59
74 16 32
75 46 73
76 19 100
77 31 15
78 2 56
79 7 32
80 50 60
81 17 95
82 12 48
83 37 76
84 31 98
85 41 29
86 10 50
87 42 54
88 7 99
89 4 10
90 34 5
91 13 48
92 15 83
93 4 11
94 15 15
95 18 6
96 50 44
97 13 12
98 44 40
99 49 68
100 16 78
101 29 5
102 46 23
103 50 83
104 17 98
105 45 82
106 7 94
107 42 39
108 4 85
109 17 52
110 43 66
111 9 52
112 44 23
113 15 53
114 31 21
115 3 67
116 30 66
117 27 38
118 32 46
119 6 43
120 38 14
121 43 64
122 15 2
123 44 66
124 22 84
125 26 57
126 31 42
127 21 83
128 43 65
129 7 13
130 1 85
131 37 23
132 19 70
133 7 47
134 41 8
135 1 94
136 4 43
137 42 55
138 38 61
139 42 37
140 14 70
141 47 59
142 38 27
143 48 75
144 37 39
145 43 9
146 31 6
147 46 65
148 31 19
149 27 21
150 48 97
151 42 4
152 29 82
153 36 8
154 33 9
155 3 11
156 33 74
157 3 97
158 24 100
159 31 99
160 8 7
161 45 11
162 40 20
163 34 61
164 37 3
165 42 14
166 3 56
167 31 4
168 37 6
169 10 2
170 31 92
171 19 86
172 43 24
173 5 84
174 21 38
175 22 61
176 22 95
177 19 50
178 16 81
179 16 84
180 3 12
181 38 5
182 19 62
183 26 24
184 41 14
185 33 45
186 22 58
187 24 89
188 22 25
189 1 62
190 24 33
191 18 32
192 18 26
193 7 79
194 33 15
195 29 88
196 38 49
197 8 47
198 25 66
199 10 19
200 14 88
201 29 6
202 25 9
203 29 59
204 5 59
205 38 2
206 30 16
207 34 31
208 1 48
209 49 68
210 36 66
211 44 53
212 46 30
213 6 22
214 31 69
215 13 32
216 4 72
217 40 16
218 39 11
219 46 29
220 6 4
221 2 73
222 22 100
223 37 28
224 3 73
225 47 57
226 38 36
227 35 65
228 45 71
229 33 90
230 13 31
231 9 5
232 47 100
233 34 20
234 42 8
235 19 100
236 42 18
237 23 58
238 22 73
239 50 13
240 31 70
241 26 61
242 17 67
243 10 75
244 2 48
245 15 26
246 14 80
247 15 12
248 18 21
249 46 89
250 42 49
251 41 98
252 16 67
253 12 2
254 40 78
255 50 52
256 47 97
257 4 76
258 33 23
259 27 91
260 20 14
261 48 74
262 11 19
263 45 50
264 21 44
265 6 16
266 24 2
267 12 8
268 48 46
269 49 48
270 15 68
271 12 63
272 27 44
273 2 67
274 45 1
275 34 60
276 47 11
277 46 35
278 40 37
279 2 47
280 48 48
281 18 44
282 31 95
283 39 62
284 38 91
285 9 52
286 29 7
287 49 27
288 48 94
289 22 97
290 48 1
291 10 24
292 45 13
293 49 8
294 48 69
295 33 79
296 44 13
297 15 77
298 23 47
299 31 100
300 16 95
301 2 91
302 19 66
303 18 56
304 22 95
305 17 2
306 11 79
307 4 53
308 19 59
309 43 21
310 5 8
311 3 10
312 4 99
313 11 100
314 40 71
315 39 13
316 47 24
317 30 48
318 24 30
319 39 6
320 38 87
321 49 3
322 26 90
323 35 32
324 19 5
325 26 31
326 37 2
327 34 80
328 32 10
329 43 12
330 11 59
331 23 47
332 31 72
333 21 44
334 14 23
335 13 64
336 3 90
337 40 72
338 21 95
339 42 53
340 33 83
341 46 41
342 10 67
343 36 77
344 16 63
345 43 5
346 7 94
347 45 73
348 16 2
349 31 86
350 48 92
351 32 92
352 11 65
353 18 15
354 32 78
355 50 4
356 22 66
357 45 92
358 50 94
359 10 45
360 39 68
361 9 40
362 49 17
363 4 74
364 36 66
365 12 30
366 2 6
367 43 77
368 44 19
369 22 26
370 23 90
371 23 49
372 39 92
373 39 83
374 17 3
375 23 91
376 29 87
377 13 49
378 47 75
379 19 80
380 39 28
381 15 97
382 45 64
383 12 74
384 36 67
385 15 9
386 36 12
387 34 64
388 36 47
389 50 63
390 43 48
391 28 69
392 11 91
393 49 14
394 13 9
395 3 77
396 15 28
397 34 98
398 6 60
399 26 9
400 10 3
401 22 55
402 32 71
403 42 81
404 9 18
405 46 83
406 44 23
407 2 57
408 2 96
409 13 29
410 40 71
411 29 26
412 20 3
413 10 78
414 17 24
415 7 28
416 48 54
417 8 52
418 5 100
419 18 4
420 31 33
421 31 91
422 46 64
423 43 72
424 46 2
425 33 34
426 49 13
427 35 27
428 19 75
429 23 16
430 48 8
431 22 88
432 28 5
433 23 53
434 40 87
435 24 48
436 24 76
437 12 92
438 16 53
439 25 31
440 43 13
441 27 36
442 31 66
443 25 68
444 1 90
445 19 80
446 34 49
447 27 29
448 26 22
449 27 5
450 2 72
451 3 83
452 16 7
453 43 61
454 26 68
455 31 28
456 23 54
457 15 3
458 22 47
459 20 81
460 27 35
461 11 55
462 26 31
463 31 99
464 6 19
465 38 5
466 15 82
467 21 31
468 32 43
469 21 18
470 21 42
471 24 32
472 19 67
473 4 44
474 42 47
475 27 82
476 38 14
477 33 12
478 34 70
479 1 30
480 34 42
481 15 24
482 9 10
483 11 81
484 39 35
485 42 44
486 2 10
487 43 43
488 31 62
489 22 6
490 29 47
491 35 59
492 9 23
493 36 64
494 23 1
495 48 30
496 33 41
497 3 26
498 29 95
499 28 94
500 11 78
501 3 31
502 33 9
503 6 12
504 21 90
505 38 18
506 4 67
507 14 12
508 8 59
509 43 50
510 15 89
511 49 95
512 9 7
513 32 40
514 48 82
515 7 28
516 30 2
517 38 49
518 16 78
519 26 25
520 23 31
521 28 95
522 50 91
523 1 24
524 46 32
525 20 67
526 44 85
527 23 5
528 22 1
529 3 9
530 42 87
531 19 20
532 47 99
533 33 57
534 10 15
535 34 45
536 45 42
537 17 85
538 34 38
539 33 41
540 43 28
541 34 70
542 16 14
543 49 47
544 21 41
545 44 90
546 28 97
547 46 70
548 12 75
549 14 52
550 44 14
551 25 35
552 35 17
553 23 93
554 21 88
555 13 33
556 27 62
557 10 75
558 13 56
559 47 55
560 29 93
561 49 46
562 49 17
563 39 86
564 36 7
565 47 20
566 26 75
567 41 69
568 36 34
569 29 70
570 45 67
571 27 13
572 37 78
573 26 34
574 17 50
575 25 87
576 48 15
577 40 69
578 41 15
579 10 79
580 19 60
581 36 100
582 33 96
583 1 25
584 46 31
585 14 5
586 6 37
587 7 94
588 40 96
589 26 53
590 26 62
591 34 17
592 40 41
593 14 60
594 36 90
595 4 83
596 29 1
597 33 69
598 46 23
599 49 92
600 3 34
601 34 77
602 2 87
603 14 86
604 36 4
605 41 45
606 14 1
607 44 63
608 9 42
609 47 34
610 41 24
611 32 57
612 47 41
613 6 94
614 27 40
615 8 22
616 30 70
617 3 46
618 8 88
619 1 50
620 1 55
621 40 60
622 25 70
623 39 34
624 44 10
625 50 36
626 11 66
627 25 12
628 44 23
629 15 28
630 40 32
631 3 24
632 15 16
633 45 13
634 3 49
635 29 78
636 18 43
637 13 13
638 34 47
639 18 58
640 8 69
641 29 77
642 8 79
643 13 97
644 30 20
645 50 2
646 48 7
647 27 87
648 42 50
649 38 77
650 4 30
651 5 50
652 13 94
653 42 85
654 35 60
655 13 83
656 49 80
657 44 85
658 31 69
659 39 29
660 13 93
661 17 13
662 28 17
663 5 54
664 8 26
665 20 95
666 18 46
667 42 37
668 28 87
669 31 75
670 29 11
671 43 97
672 45 38
673 17 69
674 49 4
675 6 34
676 24 19
677 41 11
678 38 25
679 21 24
680 42 58
681 47 54
682 37 18
683 29 57
684 16 38
685 31 64
686 3 98
687 35 95
688 39 90
689 5 56
690 2 38
691 45 9
692 5 44
693 26 43
694 23 24
695 42 97
696 7 20
697 27 35
698 27 22
699 24 20
700 14 12
701 40 43
702 33 70
703 20 99
704 41 50
705 48 95
706 48 9
707 22 22
708 7 50
709 15 30
710 10 13
711 38 60
712 16 19
713 14 44
714 22 45
715 7 12
716 34 47
717 27 96
718 14 90
719 5 12
720 15 49
721 1 17
722 38 5
723 19 29
724 46 64
725 22 46
726 43 54
727 28 55
728 5 59
729 15 88
730 1 64
731 25 87
732 40 12
733 34 100
734 20 95
735 9 5
736 12 64
737 48 23
738 31 3
739 43 50
740 36 94
741 14 59
742 20 48
743 3 92
744 6 13
745 7 52
746 23 47
747 2 43
748 42 28
749 28 30
750 1 89
751 44 23
752 15 85
753 19 88
754 37 11
755 23 48
756 22 61
757 37 44
758 40 90
759 10 89
760 49 59
761 36 50
762 11 1
763 33 2
764 9 58
765 47 70
766 35 79
767 40 71
768 26 34
769 13 72
770 49 97
771 34 65
772 28 95
773 33 17
774 44 2
775 45 76
776 20 23
777 5 6
778 23 83
779 36 65
780 34 78
781 45 5
782 38 34
783 21 59
784 35 41
785 26 56
786 9 24
787 41 16
788 19 90
789 34 11
790 30 33
791 3 50
792 6 60
793 2 95
794 29 8
795 20 100
796 37 8
797 24 43
798 28 9
799 31 60
800 9 20
801 19 47
802 11 1
803 46 44
804 32 65
805 36 89
806 27 30
807 1 59
808 39 73
809 13 57
810 28 30
811 27 23
812 24 25
813 34 71
814 32 18
815 15 2
816 33 2
817 6 37
818 33 68
819 25 82
820 9 35
821 5 15
822 44 2
823 46 83
824 27 17
825 33 37
826 23 42
827 26 25
828 2 35
829 27 9
830 15 23
831 28 13
832 11 63
833 18 91
834 49 28
835 1 7
836 44 95
837 27 26
838 27 41
839 28 94
840 41 53
841 14 46
842 21 35
843 2 100
844 36 80
845 9 89
846 34 100
847 21 37
848 15 12
849 45 100
850 3 22
851 37 25
852 7 58
853 30 89
854 40 63
855 21 24
856 28 34
857 41 81
858 12 11
859 28 59
860 8 63
861 36 20
862 31 99
863 2 13
864 2 19
865 21 41
866 23 37
867 14 1
868 5 97
869 42 69
870 44 3
871 34 88
872 40 85
873 12 76
874 20 87
875 41 45
876 28 24
877 50 90
878 50 61
879 2 59
880 20 22
881 44 17
882 15 75
883 38 91
884 33 61
885 33 33
886 26 41
887 40 36
888 35 25
889 47 86
890 8 35
891 48 88
892 46 75
893 25 2
894 19 33
895 1 85
896 3 4
897 26 1
898 5 6
899 16 43
900 23 84
901 43 70
902 44 47
903 7 2
904 38 65
905 50 53
906 33 86
907 32 6
908 7 20
909 37 100
910 37 89
911 42 41
912 22 89
913 25 8
914 44 50
915 44 44
916 3 12
917 34 31
918 48 67
919 35 32
920 37 79
921 37 33
922 43 93
923 6 8
924 26 72
925 2 24
926 11 22
927 41 33
928 6 1
929 33 26
930 20 88
931 33 88
932 25 84
933 38 96
934 3 46
935 23 64
936 30 15
937 30 82
938 28 91
939 35 30
940 29 25
941 37 55
942 44 96
943 47 14
944 1 100
945 20 16
946 40 28
947 43 82
948 8 77
949 22 18
950 38 31
951 16 27
952 6 51
953 17 45
954 15 13
955 40 68
956 30 5
957 44 49
958 35 50
959 17 61
960 45 42
961 28 73
962 1 85
963 41 29
964 35 1
965 2 76
966 11 87
967 7 53
968 34 41
969 19 38
970 7 75
971 4 70
972 38 39
973 6 33
974 17 37
975 16 60
976 12 32
977 14 74
978 41 1
979 34 59
980 20 17
981 27 22
982 27 46
983 47 50
984 30 43
985 30 99
986 18 97
987 47 100
988 14 7
989 15 79
990 23 96
991 25 96
992 25 33
993 39 10
994 46 57
995 31 58
996 43 50
997 11 25
998 41 27
999 13 38
1000 30 59